ds,Open,High,Low,Close,y,Volume
2021-02-11,11.65999984741211,11.739999771118164,11.3100004196167,11.449999809265137,10.378646850585938,55762900
2021-02-12,11.420000076293945,11.619999885559082,11.369999885559082,11.449999809265137,10.378646850585938,44401200
2021-02-16,11.5,11.699999809265137,11.380000114440918,11.539999961853027,10.460225105285645,48392100
2021-02-17,11.609999656677246,11.609999656677246,11.369999885559082,11.479999542236328,10.405838966369629,49554000
2021-02-18,11.369999885559082,11.479999542236328,11.300000190734863,11.430000305175781,10.360519409179688,37777100
2021-02-19,11.520000457763672,11.59000015258789,11.460000038146973,11.579999923706055,10.49648380279541,48615600
2021-02-22,11.520000457763672,11.9399995803833,11.5,11.699999809265137,10.605255126953125,62183000
2021-02-23,11.59000015258789,11.649999618530273,11.130000114440918,11.619999885559082,10.53274154663086,72904500
2021-02-24,11.670000076293945,12.399999618530273,11.640000343322754,12.270000457763672,11.121922492980957,95152800
2021-02-25,12.220000267028809,12.399999618530273,11.720000267028809,11.760000228881836,10.65964126586914,75249400
2021-02-26,11.890000343322754,11.979999542236328,11.539999961853027,11.699999809265137,10.605255126953125,69614500
2021-03-01,11.869999885559082,12.079999923706055,11.779999732971191,11.979999542236328,10.859055519104004,43172800
2021-03-02,12.039999961853027,12.800000190734863,11.9399995803833,12.550000190734863,11.375722885131836,104789000
2021-03-03,12.609999656677246,12.609999656677246,12.140000343322754,12.170000076293945,11.031278610229492,80169700
2021-03-04,12.239999771118164,12.460000038146973,11.630000114440918,11.930000305175781,10.81373405456543,88339600
2021-03-05,12.0600004196167,12.289999961853027,11.670000076293945,12.270000457763672,11.121922492980957,79345700
2021-03-08,12.390000343322754,12.880000114440918,12.300000190734863,12.649999618530273,11.466364860534668,86129700
2021-03-09,12.760000228881836,12.760000228881836,12.380000114440918,12.569999694824219,11.393850326538086,61568700
2021-03-10,12.720000267028809,12.979999542236328,12.619999885559082,12.90999984741211,11.70203685760498,62111200
2021-03-11,12.9399995803833,13.0600004196167,12.75,12.8100004196167,11.611394882202148,56536500
2021-03-12,12.779999732971191,13.430000305175781,12.770000457763672,13.369999885559082,12.118996620178223,87160100
2021-03-15,13.390000343322754,13.619999885559082,13.050000190734863,13.199999809265137,11.9649019241333,64476000
2021-03-16,13.0600004196167,13.149999618530273,12.430000305175781,12.489999771118164,11.32133674621582,125425300
2021-03-17,12.34000015258789,12.699999809265137,12.220000267028809,12.6899995803833,11.502622604370117,109324400
2021-03-18,12.699999809265137,13.010000228881836,12.4399995803833,12.489999771118164,11.32133674621582,76733300
2021-03-19,12.850000381469727,12.949999809265137,12.550000190734863,12.829999923706055,11.629523277282715,90885200
2021-03-22,12.850000381469727,12.930000305175781,12.510000228881836,12.850000381469727,11.647651672363281,81362100
2021-03-23,12.569999694824219,12.680000305175781,12.119999885559082,12.210000038146973,11.067535400390625,73020200
2021-03-24,12.359999656677246,12.529999732971191,12.119999885559082,12.140000343322754,11.004085540771484,54534400
2021-03-25,11.9399995803833,12.350000381469727,11.720000267028809,12.319999694824219,11.167242050170898,54201800
2021-03-26,12.430000305175781,12.489999771118164,12.0600004196167,12.300000190734863,11.149114608764648,49239800
2021-03-29,12.199999809265137,12.359999656677246,12.069999694824219,12.149999618530273,11.01314926147461,44747900
2021-03-30,12.15999984741211,12.479999542236328,12.109999656677246,12.460000038146973,11.294142723083496,49762300
2021-03-31,12.460000038146973,12.539999961853027,12.210000038146973,12.25,11.103793144226074,60456900
2021-04-01,12.279999732971191,12.289999961853027,12.020000457763672,12.170000076293945,11.031278610229492,61907500
2021-04-05,12.390000343322754,12.779999732971191,12.329999923706055,12.699999809265137,11.511686325073242,82332700
2021-04-06,12.699999809265137,12.989999771118164,12.640000343322754,12.920000076293945,11.711102485656738,67499400
2021-04-07,12.869999885559082,12.930000305175781,12.65999984741211,12.729999542236328,11.538880348205566,42264000
2021-04-08,12.670000076293945,12.760000228881836,12.430000305175781,12.510000228881836,11.339465141296387,52622000
2021-04-09,12.489999771118164,12.619999885559082,12.390000343322754,12.510000228881836,11.339465141296387,40555400
2021-04-12,12.5,12.550000190734863,12.319999694824219,12.380000114440918,11.221627235412598,40422800
2021-04-13,12.390000343322754,12.449999809265137,12.100000381469727,12.199999809265137,11.0584716796875,51556000
2021-04-14,12.199999809265137,12.489999771118164,12.199999809265137,12.239999771118164,11.094727516174316,49877500
2021-04-15,12.300000190734863,12.319999694824219,12.130000114440918,12.239999771118164,11.094727516174316,38209300
2021-04-16,12.319999694824219,12.359999656677246,12.1899995803833,12.229999542236328,11.085663795471191,33132900
2021-04-19,12.220000267028809,12.25,12.020000457763672,12.109999656677246,10.976893424987793,39063500
2021-04-20,12.0600004196167,12.0600004196167,11.350000381469727,11.449999809265137,10.378646850585938,83170800
2021-04-21,11.359999656677246,11.739999771118164,11.180000305175781,11.729999542236328,10.632447242736816,49641100
2021-04-22,12.0600004196167,12.149999618530273,11.829999923706055,11.9399995803833,10.822797775268555,73064400
2021-04-23,11.970000267028809,12.239999771118164,11.869999885559082,12.220000267028809,11.076600074768066,51833300
2021-04-26,12.279999732971191,12.4399995803833,12.229999542236328,12.270000457763672,11.121922492980957,40863800
2021-04-27,12.289999961853027,12.5,12.270000457763672,12.489999771118164,11.32133674621582,42037800
2021-04-28,12.600000381469727,12.600000381469727,12.390000343322754,12.430000305175781,11.266950607299805,68023400
2021-04-29,11.90999984741211,11.90999984741211,11.140000343322754,11.260000228881836,10.206424713134766,230430600
2021-04-30,11.359999656677246,11.539999961853027,11.329999923706055,11.539999961853027,10.460225105285645,90786500
2021-05-03,11.5600004196167,11.680000305175781,11.430000305175781,11.630000114440918,10.541804313659668,61987300
2021-05-04,11.529999732971191,11.550000190734863,11.229999542236328,11.40999984741211,10.342390060424805,71007700
2021-05-05,11.5,11.640000343322754,11.399999618530273,11.609999656677246,10.523675918579102,64495500
2021-05-06,11.550000190734863,11.760000228881836,11.479999542236328,11.739999771118164,10.641510963439941,50032800
2021-05-07,11.649999618530273,11.829999923706055,11.520000457763672,11.819999694824219,10.714027404785156,41525800
2021-05-10,11.779999732971191,11.930000305175781,11.699999809265137,11.710000038146973,10.61431884765625,51703500
2021-05-11,11.449999809265137,11.760000228881836,11.420000076293945,11.579999923706055,10.49648380279541,56882600
2021-05-12,11.539999961853027,11.680000305175781,11.279999732971191,11.329999923706055,10.269875526428223,55663100
2021-05-13,11.359999656677246,11.680000305175781,11.350000381469727,11.550000190734863,10.469290733337402,56598500
2021-05-14,11.649999618530273,11.869999885559082,11.619999885559082,11.84000015258789,10.732155799865723,48619200
2021-05-17,11.819999694824219,12.180000305175781,11.789999961853027,12.149999618530273,11.01314926147461,52201700
2021-05-18,12.289999961853027,12.529999732971191,12.130000114440918,12.140000343322754,11.004085540771484,72472900
2021-05-19,12.029999732971191,12.210000038146973,11.850000381469727,12.109999656677246,10.976893424987793,70220800
2021-05-20,12.520000457763672,12.6899995803833,12.300000190734863,12.489999771118164,11.32133674621582,106243900
2021-05-21,12.699999809265137,13.470000267028809,12.569999694824219,13.329999923706055,12.08273983001709,200958600
2021-05-24,13.380000114440918,13.380000114440918,12.920000076293945,13.0600004196167,11.83800220489502,111374300
2021-05-25,13.130000114440918,13.430000305175781,12.800000190734863,12.8100004196167,11.611394882202148,113383400
2021-05-26,13.15999984741211,13.949999809265137,13.100000381469727,13.899999618530273,12.599405288696289,227538700
2021-05-27,14.380000114440918,15.050000190734863,14.119999885559082,14.880000114440918,13.487709999084473,278939100
2021-05-28,15.010000228881836,15.050000190734863,14.40999984741211,14.529999732971191,13.170456886291504,152105300
2021-06-01,14.720000267028809,14.84000015258789,14.460000038146973,14.8100004196167,13.4242582321167,89071000
2021-06-02,14.899999618530273,15.020000457763672,14.680000305175781,14.90999984741211,13.514902114868164,77517200
2021-06-03,15.149999618530273,16.059999465942383,14.989999771118164,15.989999771118164,14.49384880065918,179671400
2021-06-04,16.329999923706055,16.450000762939453,15.800000190734863,15.970000267028809,14.475719451904297,151788000
2021-06-07,16.010000228881836,16.200000762939453,15.649999618530273,15.880000114440918,14.39414119720459,90915300
2021-06-08,15.760000228881836,15.800000190734863,15.329999923706055,15.630000114440918,14.167532920837402,93891100
2021-06-09,15.600000381469727,15.619999885559082,15.390000343322754,15.479999542236328,14.031566619873047,60079100
2021-06-10,15.59000015258789,15.779999732971191,15.079999923706055,15.109999656677246,13.696188926696777,78147500
2021-06-11,15.300000190734863,15.430000305175781,15.170000076293945,15.279999732971191,13.850279808044434,50613500
2021-06-14,15.229999542236328,15.300000190734863,14.819999694824219,14.869999885559082,13.478644371032715,82666000
2021-06-15,14.90999984741211,15.15999984741211,14.760000228881836,15.0,13.596480369567871,62612700
2021-06-16,15.100000381469727,15.289999961853027,14.880000114440918,15.020000457763672,13.614609718322754,69112900
2021-06-17,15.300000190734863,15.399999618530273,14.579999923706055,14.770000457763672,13.388002395629883,126653100
2021-06-18,14.539999961853027,14.770000457763672,14.4399995803833,14.520000457763672,13.161393165588379,76319700
2021-06-21,14.630000114440918,14.899999618530273,14.550000190734863,14.779999732971191,13.397065162658691,63385000
2021-06-22,15.020000457763672,15.109999656677246,14.819999694824219,14.90999984741211,13.514902114868164,65545900
2021-06-23,15.140000343322754,15.529999732971191,15.029999732971191,15.420000076293945,13.977181434631348,94985700
2021-06-24,15.539999961853027,15.550000190734863,15.149999618530273,15.260000228881836,13.832152366638184,79859800
2021-06-25,15.239999771118164,15.520000457763672,15.180000305175781,15.1899995803833,13.768701553344727,111760500
2021-06-28,15.199999809265137,15.210000038146973,14.829999923706055,14.960000038146973,13.560224533081055,79477400
2021-06-29,15.050000190734863,15.199999809265137,14.880000114440918,15.010000228881836,13.605545043945312,68208200
2021-06-30,14.949999809265137,15.109999656677246,14.8100004196167,14.859999656677246,13.469581604003906,72213500
2021-07-01,14.90999984741211,14.970000267028809,14.84000015258789,14.90999984741211,13.514902114868164,51112200
2021-07-02,14.960000038146973,15.039999961853027,14.829999923706055,14.930000305175781,13.53303050994873,43652000
2021-07-06,14.869999885559082,14.880000114440918,14.390000343322754,14.5,13.143263816833496,73990600
2021-07-07,14.40999984741211,14.460000038146973,14.020000457763672,14.229999542236328,12.898528099060059,72992500
2021-07-08,13.960000038146973,14.229999542236328,13.739999771118164,14.0600004196167,12.74443531036377,62706800
2021-07-09,14.449999809265137,14.579999923706055,14.270000457763672,14.479999542236328,13.12513542175293,65981200
2021-07-12,14.359999656677246,14.739999771118164,14.239999771118164,14.609999656677246,13.242971420288086,49205200
2021-07-13,14.5,14.630000114440918,14.300000190734863,14.420000076293945,13.07075023651123,45360600
2021-07-14,14.430000305175781,14.630000114440918,14.199999809265137,14.25,12.916656494140625,39056200
2021-07-15,14.149999618530273,14.300000190734863,13.9399995803833,14.010000228881836,12.699112892150879,44952300
2021-07-16,14.119999885559082,14.140000343322754,13.579999923706055,13.609999656677246,12.336540222167969,48065200
2021-07-19,13.25,13.319999694824219,12.789999961853027,13.279999732971191,12.0374174118042,99949200
2021-07-20,13.369999885559082,13.960000038146973,13.279999732971191,13.90999984741211,12.60846996307373,70731800
2021-07-21,14.050000190734863,14.34000015258789,14.029999732971191,14.1899995803833,12.862271308898926,53817500
2021-07-22,14.079999923706055,14.140000343322754,13.779999732971191,13.90999984741211,12.60846996307373,40440100
2021-07-23,13.970000267028809,14.039999961853027,13.729999542236328,13.819999694824219,12.52688980102539,37927900
2021-07-26,13.899999618530273,14.079999923706055,13.869999885559082,14.029999732971191,12.717241287231445,43838000
2021-07-27,13.930000305175781,13.960000038146973,13.649999618530273,13.789999961853027,12.499696731567383,41963200
2021-07-28,13.859999656677246,13.989999771118164,13.569999694824219,13.859999656677246,12.56314754486084,70653500
2021-07-29,14.510000228881836,14.789999961853027,14.300000190734863,14.390000343322754,13.043559074401855,111154800
2021-07-30,14.229999542236328,14.300000190734863,13.869999885559082,13.949999809265137,12.644726753234863,74955700
2021-08-02,14.020000457763672,14.329999923706055,13.880000114440918,13.90999984741211,12.60846996307373,64673700
2021-08-03,13.970000267028809,14.079999923706055,13.640000343322754,14.020000457763672,12.70817756652832,53257700
2021-08-04,13.850000381469727,13.930000305175781,13.300000190734863,13.319999694824219,12.073674201965332,81502700
2021-08-05,13.539999961853027,13.819999694824219,13.449999809265137,13.710000038146973,12.427184104919434,60524400
2021-08-06,13.819999694824219,13.90999984741211,13.729999542236328,13.800000190734863,12.50876235961914,44450600
2021-08-09,13.720000267028809,13.819999694824219,13.550000190734863,13.75,12.463440895080566,38760400
2021-08-10,13.770000457763672,13.90999984741211,13.65999984741211,13.819999694824219,12.52688980102539,32120800
2021-08-11,13.859999656677246,13.949999809265137,13.670000076293945,13.930000305175781,12.62659740447998,42795600
2021-08-12,13.920000076293945,14.050000190734863,13.789999961853027,13.899999618530273,12.599405288696289,38547900
2021-08-13,13.880000114440918,13.949999809265137,13.539999961853027,13.59000015258789,12.318411827087402,45118500
2021-08-16,13.5,13.5600004196167,13.319999694824219,13.460000038146973,12.200575828552246,38664300
2021-08-17,13.319999694824219,13.329999923706055,12.8100004196167,12.989999771118164,11.774553298950195,74625300
2021-08-18,12.949999809265137,13.210000038146973,12.899999618530273,13.0,11.78361701965332,50966700
2021-08-19,12.800000190734863,12.920000076293945,12.569999694824219,12.670000076293945,11.484493255615234,69038800
2021-08-20,12.609999656677246,12.670000076293945,12.380000114440918,12.569999694824219,11.393850326538086,53615600
2021-08-23,12.710000038146973,12.850000381469727,12.470000267028809,12.729999542236328,11.538880348205566,64573600
2021-08-24,12.8100004196167,13.140000343322754,12.760000228881836,13.079999923706055,11.856130599975586,53672500
2021-08-25,13.119999885559082,13.279999732971191,13.020000457763672,13.170000076293945,11.93770980834961,51195500
2021-08-26,13.109999656677246,13.130000114440918,12.8100004196167,12.899999618530273,11.692973136901855,57559800
2021-08-27,12.890000343322754,13.369999885559082,12.869999885559082,13.3100004196167,12.06461238861084,57587300
2021-08-30,13.350000381469727,13.369999885559082,13.029999732971191,13.050000190734863,11.828937530517578,42720100
2021-08-31,13.020000457763672,13.140000343322754,12.930000305175781,13.029999732971191,11.810810089111328,42212700
2021-09-01,13.029999732971191,13.220000267028809,12.899999618530273,13.109999656677246,11.883322715759277,58875700
2021-09-02,13.09000015258789,13.210000038146973,12.970000267028809,13.010000228881836,11.792681694030762,49053200
2021-09-03,12.989999771118164,13.050000190734863,12.869999885559082,12.890000343322754,11.68390941619873,41616700
2021-09-07,12.829999923706055,13.039999961853027,12.8100004196167,12.949999809265137,11.73829460144043,64008900
2021-09-08,12.970000267028809,13.220000267028809,12.90999984741211,13.029999732971191,11.810810089111328,57980900
2021-09-09,12.949999809265137,12.949999809265137,12.720000267028809,12.760000228881836,11.566073417663574,68806400
2021-09-10,12.84000015258789,12.930000305175781,12.65999984741211,12.680000305175781,11.493558883666992,48792500
2021-09-13,12.760000228881836,12.989999771118164,12.619999885559082,12.989999771118164,11.774553298950195,62270800
2021-09-14,12.930000305175781,13.0600004196167,12.789999961853027,12.859999656677246,11.656716346740723,47640800
2021-09-15,12.890000343322754,13.25,12.8100004196167,13.220000267028809,11.9830322265625,60282100
2021-09-16,13.180000305175781,13.529999732971191,13.100000381469727,13.399999618530273,12.146188735961914,76426100
2021-09-17,13.40999984741211,13.699999809265137,13.390000343322754,13.550000190734863,12.28215503692627,76182400
2021-09-20,13.069999694824219,13.1899995803833,12.630000114440918,12.819999694824219,11.620458602905273,126152200
2021-09-21,12.890000343322754,12.970000267028809,12.65999984741211,12.770000457763672,11.5751371383667,60473100
2021-09-22,12.920000076293945,13.390000343322754,12.90999984741211,13.229999542236328,11.992095947265625,75784000
2021-09-23,13.350000381469727,13.739999771118164,13.319999694824219,13.710000038146973,12.427184104919434,68708100
2021-09-24,13.65999984741211,13.9399995803833,13.640000343322754,13.779999732971191,12.490633010864258,57440200
2021-09-27,13.890000343322754,14.289999961853027,13.880000114440918,14.15999984741211,12.835078239440918,68769700
2021-09-28,14.630000114440918,14.729999542236328,14.229999542236328,14.3100004196167,12.97104263305664,107090900
2021-09-29,14.460000038146973,14.5,14.170000076293945,14.300000190734863,12.961978912353516,56805500
2021-09-30,14.260000228881836,14.319999694824219,14.09000015258789,14.15999984741211,12.835078239440918,78820500
2021-10-01,14.260000228881836,14.369999885559082,14.010000228881836,14.15999984741211,12.835078239440918,51880900
2021-10-04,14.270000457763672,14.789999961853027,14.220000267028809,14.350000381469727,13.00730037689209,78332500
2021-10-05,14.4399995803833,14.4399995803833,14.109999656677246,14.289999961853027,12.952914237976074,55915800
2021-10-06,14.140000343322754,14.34000015258789,13.890000343322754,14.119999885559082,12.798819541931152,61020300
2021-10-07,14.34000015258789,14.949999809265137,14.3100004196167,14.890000343322754,13.496773719787598,96557500
2021-10-08,14.920000076293945,15.489999771118164,14.850000381469727,15.119999885559082,13.705253601074219,99468900
2021-10-11,15.199999809265137,15.359999656677246,14.970000267028809,15.09000015258789,13.678060531616211,45302300
2021-10-12,15.109999656677246,15.680000305175781,15.010000228881836,15.640000343322754,14.17659854888916,89134000
2021-10-13,15.59000015258789,15.6899995803833,15.270000457763672,15.510000228881836,14.058760643005371,63363500
2021-10-14,15.619999885559082,15.619999885559082,15.369999885559082,15.449999809265137,14.004374504089355,50875100
2021-10-15,15.539999961853027,16.030000686645508,15.539999961853027,15.699999809265137,14.23098373413086,77211800
2021-10-18,15.569999694824219,15.649999618530273,15.489999771118164,15.5600004196167,14.104083061218262,48643800
2021-10-19,15.600000381469727,15.6899995803833,15.369999885559082,15.420000076293945,13.977181434631348,44668300
2021-10-20,15.430000305175781,16.15999984741211,15.369999885559082,16.040000915527344,14.53917121887207,105213700
2021-10-21,16.15999984741211,16.700000762939453,16.1299991607666,16.549999237060547,15.001449584960938,95855000
2021-10-22,16.420000076293945,16.540000915527344,16.229999542236328,16.280000686645508,14.756714820861816,60646800
2021-10-25,16.399999618530273,16.5,15.8100004196167,16.0,14.502913475036621,67808000
2021-10-26,16.09000015258789,16.219999313354492,15.699999809265137,15.9399995803833,14.448526382446289,64882300
2021-10-27,15.789999961853027,15.920000076293945,15.5,15.510000228881836,14.058760643005371,96094300
2021-10-28,16.860000610351562,17.579999923706055,16.709999084472656,16.860000610351562,15.282444953918457,215237600
2021-10-29,16.860000610351562,17.360000610351562,16.549999237060547,17.079999923706055,15.481860160827637,100560700
2021-11-01,17.5,17.969999313354492,17.06999969482422,17.950000762939453,16.270458221435547,125246500
2021-11-02,18.149999618530273,18.190000534057617,17.729999542236328,18.010000228881836,16.324840545654297,115146200
2021-11-03,17.920000076293945,18.829999923706055,17.8799991607666,18.6299991607666,16.88682746887207,104755500
2021-11-04,18.920000076293945,19.5,18.719999313354492,19.420000076293945,17.6029109954834,157505500
2021-11-05,19.709999084472656,19.719999313354492,18.989999771118164,19.290000915527344,17.485074996948242,122232200
2021-11-08,19.399999618530273,20.420000076293945,19.239999771118164,20.149999618530273,18.264604568481445,153490400
2021-11-09,20.510000228881836,20.510000228881836,19.40999984741211,20.1200008392334,18.237415313720703,164928500
2021-11-10,19.8799991607666,20.469999313354492,19.059999465942383,19.360000610351562,17.548524856567383,229109600
2021-11-11,19.639999389648438,19.84000015258789,19.260000228881836,19.549999237060547,17.720746994018555,96436500
2021-11-12,19.3799991607666,19.6200008392334,19.209999084472656,19.5,17.675424575805664,77837900
2021-11-15,19.459999084472656,19.950000762939453,19.139999389648438,19.860000610351562,18.001741409301758,84838600
2021-11-16,19.899999618530273,20.059999465942383,19.530000686645508,19.790000915527344,17.938291549682617,66557200
2021-11-17,19.739999771118164,20.010000228881836,19.440000534057617,19.959999084472656,18.092384338378906,80855200
2021-11-18,20.15999984741211,20.260000228881836,19.360000610351562,19.559999465942383,17.81908416748047,111368800
2021-11-19,19.639999389648438,19.670000076293945,19.239999771118164,19.389999389648438,17.664213180541992,64610400
2021-11-22,19.389999389648438,20.790000915527344,19.309999465942383,20.479999542236328,18.657197952270508,137861700
2021-11-23,20.43000030517578,20.530000686645508,19.969999313354492,20.200000762939453,18.402122497558594,90984500
2021-11-24,19.969999313354492,20.34000015258789,19.780000686645508,20.25,18.44767189025879,77324300
2021-11-26,19.65999984741211,19.84000015258789,19.469999313354492,19.75,17.99217414855957,49434000
2021-11-29,20.06999969482422,20.190000534057617,19.489999771118164,19.670000076293945,17.919294357299805,68778700
2021-11-30,19.6200008392334,19.950000762939453,19.030000686645508,19.190000534057617,17.48201560974121,103238400
2021-12-01,19.6299991607666,20.469999313354492,19.530000686645508,19.579999923706055,17.837305068969727,125295600
2021-12-02,19.5,20.110000610351562,19.280000686645508,19.8700008392334,18.10149383544922,94142300
2021-12-03,20.3700008392334,20.399999618530273,18.93000030517578,19.139999389648438,17.436466217041016,120275200
2021-12-06,19.229999542236328,19.489999771118164,18.610000610351562,19.219999313354492,17.50934600830078,88147400
2021-12-07,19.649999618530273,20.059999465942383,19.520000457763672,19.959999084472656,18.183481216430664,75885600
2021-12-08,20.18000030517578,20.190000534057617,19.75,19.809999465942383,18.046833038330078,63246800
2021-12-09,19.760000228881836,19.93000030517578,19.540000915527344,19.56999969482422,17.82819366455078,63357600
2021-12-10,19.770000457763672,21.489999771118164,19.760000228881836,21.450000762939453,19.540868759155273,169657200
2021-12-13,21.239999771118164,21.299999237060547,20.1299991607666,20.43000030517578,18.611652374267578,126632300
2021-12-14,19.799999237060547,20.18000030517578,19.3799991607666,20.049999237060547,18.265472412109375,124559700
2021-12-15,19.989999771118164,20.329999923706055,19.549999237060547,20.190000534057617,18.393014907836914,79679700
2021-12-16,20.56999969482422,21.100000381469727,20.260000228881836,20.350000381469727,18.538772583007812,107020900
2021-12-17,20.030000686645508,20.239999771118164,19.600000381469727,19.770000457763672,18.010395050048828,98710700
2021-12-20,19.459999084472656,19.6200008392334,19.049999237060547,19.420000076293945,17.691543579101562,74565600
2021-12-21,19.75,19.790000915527344,19.329999923706055,19.610000610351562,17.864635467529297,58930900
2021-12-22,19.639999389648438,20.34000015258789,19.639999389648438,20.139999389648438,18.347461700439453,75806400
2021-12-23,20.079999923706055,20.40999984741211,20.0,20.25,18.44767189025879,50610500
2021-12-27,20.260000228881836,20.889999389648438,20.100000381469727,20.799999237060547,18.948719024658203,59651800
2021-12-28,20.65999984741211,21.059999465942383,20.59000015258789,20.760000228881836,18.91227912902832,53020500
2021-12-29,20.709999084472656,20.770000457763672,20.450000762939453,20.559999465942383,18.730079650878906,37883000
2021-12-30,20.59000015258789,20.959999084472656,20.469999313354492,20.469999313354492,18.64809226989746,51470100
2021-12-31,20.459999084472656,21.010000228881836,20.459999084472656,20.770000457763672,18.921390533447266,51899600
2022-01-03,21.270000457763672,21.8799991607666,21.059999465942383,21.770000457763672,19.832386016845703,110449000
2022-01-04,22.520000457763672,24.559999465942383,22.420000076293945,24.309999465942383,22.146316528320312,311645200
2022-01-05,24.059999465942383,24.950000762939453,23.469999313354492,23.65999984741211,21.554168701171875,253540000
2022-01-06,24.09000015258789,24.6200008392334,23.360000610351562,24.459999084472656,22.28296661376953,155058800
2022-01-07,24.670000076293945,24.90999984741211,24.040000915527344,24.440000534057617,22.264745712280273,127017500
2022-01-10,24.100000381469727,24.440000534057617,23.350000381469727,23.850000381469727,21.727256774902344,122800700
2022-01-11,23.780000686645508,24.350000381469727,23.280000686645508,24.350000381469727,22.182756423950195,106011600
2022-01-12,24.610000610351562,24.84000015258789,24.010000228881836,24.469999313354492,22.292076110839844,104050000
2022-01-13,24.639999389648438,25.8700008392334,24.3700008392334,25.020000457763672,22.793123245239258,185780500
2022-01-14,24.469999313354492,25.280000686645508,24.299999237060547,25.190000534057617,22.9479923248291,146012200
2022-01-18,24.8700008392334,25.1299991607666,24.299999237060547,24.3799991607666,22.210084915161133,110518100
2022-01-19,24.649999618530273,24.920000076293945,22.40999984741211,22.450000762939453,20.45186424255371,153198200
2022-01-20,21.8799991607666,22.8799991607666,21.56999969482422,21.649999618530273,19.723066329956055,152014100
2022-01-21,21.209999084472656,21.5,20.540000915527344,20.649999618530273,18.812070846557617,145532900
2022-01-24,19.93000030517578,20.469999313354492,18.799999237060547,20.389999389648438,18.575210571289062,186674000
2022-01-25,20.0,20.309999465942383,19.559999465942383,19.979999542236328,18.201702117919922,116775800
2022-01-26,21.010000228881836,21.040000915527344,19.56999969482422,19.90999984741211,18.1379337310791,135786400
2022-01-27,20.309999465942383,20.649999618530273,19.40999984741211,19.549999237060547,17.80997657775879,105674400
2022-01-28,19.31999969482422,19.549999237060547,18.920000076293945,19.540000915527344,17.89238929748535,87677100
2022-01-31,19.579999923706055,20.329999923706055,19.3700008392334,20.299999237060547,18.588302612304688,91361900
2022-02-01,20.610000610351562,20.850000381469727,19.920000076293945,20.65999984741211,18.91794776916504,117651800
2022-02-02,20.809999465942383,21.049999237060547,20.18000030517578,20.6299991607666,18.890478134155273,95377600
2022-02-03,20.170000076293945,20.6200008392334,19.8700008392334,19.889999389648438,18.212875366210938,103016000
2022-02-04,18.520000457763672,18.59000015258789,17.520000457763672,17.959999084472656,16.44561195373535,211100500
2022-02-07,17.729999542236328,18.1200008392334,17.700000762939453,17.889999389648438,16.381513595581055,84610000
2022-02-08,17.579999923706055,17.90999984741211,17.020000457763672,17.719999313354492,16.225847244262695,142694300
2022-02-09,18.270000457763672,18.43000030517578,18.030000686645508,18.350000381469727,16.80272674560547,87118600
2022-02-10,17.969999313354492,18.6299991607666,17.920000076293945,18.079999923706055,16.555492401123047,76195300
2022-02-11,18.100000381469727,18.360000610351562,17.420000076293945,17.549999237060547,16.070180892944336,94534100
2022-02-14,17.510000228881836,17.729999542236328,17.290000915527344,17.459999084472656,15.987771987915039,78625000
2022-02-15,17.799999237060547,18.1299991607666,17.719999313354492,18.079999923706055,16.555492401123047,65883300
2022-02-16,17.889999389648438,18.209999084472656,17.739999771118164,18.010000228881836,16.49139404296875,57442100
2022-02-17,17.860000610351562,17.940000534057617,17.5,17.540000915527344,16.06102752685547,55368600
2022-02-18,17.600000381469727,18.479999542236328,17.56999969482422,18.040000915527344,16.51886749267578,106404200
2022-02-22,17.670000076293945,17.760000228881836,17.06999969482422,17.290000915527344,15.832104682922363,98550700
2022-02-23,17.5,17.729999542236328,16.8799991607666,16.950000762939453,15.520776748657227,79855400
2022-02-24,15.989999771118164,17.190000534057617,15.960000038146973,17.149999618530273,15.703909873962402,110443900
2022-02-25,17.25,17.899999618530273,17.1200008392334,17.829999923706055,16.32657241821289,78888000
2022-02-28,17.34000015258789,17.68000030517578,17.209999084472656,17.559999465942383,16.0793399810791,82367800
2022-03-01,17.40999984741211,17.40999984741211,16.450000762939453,16.700000762939453,15.291855812072754,94819500
2022-03-02,17.5,18.25,17.299999237060547,18.100000381469727,16.573806762695312,138638200
2022-03-03,18.25,18.25,17.440000534057617,17.600000381469727,16.115966796875,95395500
2022-03-04,17.350000381469727,17.389999389648438,16.639999389648438,16.850000381469727,15.429206848144531,91304000
2022-03-07,16.84000015258789,16.899999618530273,15.970000267028809,15.970000267028809,14.623409271240234,87999200
2022-03-08,16.059999465942383,16.719999313354492,15.770000457763672,16.030000686645508,14.678349494934082,101020300
2022-03-09,16.649999618530273,16.829999923706055,16.280000686645508,16.3700008392334,14.989680290222168,62846700
2022-03-10,16.110000610351562,16.40999984741211,15.760000228881836,16.329999923706055,14.95305347442627,72992600
2022-03-11,16.399999618530273,16.479999542236328,16.010000228881836,16.040000915527344,14.687507629394531,54985900
2022-03-14,16.09000015258789,16.229999542236328,15.510000228881836,15.739999771118164,14.412801742553711,66341700
2022-03-15,15.770000457763672,16.139999389648438,15.529999732971191,16.059999465942383,14.705819129943848,65263700
2022-03-16,16.469999313354492,16.6299991607666,16.059999465942383,16.579999923706055,15.181973457336426,82677600
2022-03-17,16.229999542236328,16.579999923706055,16.15999984741211,16.579999923706055,15.181973457336426,58500200
2022-03-18,16.420000076293945,16.899999618530273,16.280000686645508,16.860000610351562,15.438363075256348,89144000
2022-03-21,16.8700008392334,17.110000610351562,16.329999923706055,16.479999542236328,15.090404510498047,72583600
2022-03-22,16.719999313354492,17.309999465942383,16.700000762939453,17.09000015258789,15.648970603942871,77647100
2022-03-23,16.81999969482422,17.049999237060547,16.56999969482422,16.68000030517578,15.273541450500488,63296800
2022-03-24,16.739999771118164,16.979999542236328,16.639999389648438,16.829999923706055,15.410892486572266,56314200
2022-03-25,16.739999771118164,16.780000686645508,16.34000015258789,16.469999313354492,15.08124828338623,62023100
2022-03-28,16.549999237060547,16.68000030517578,16.280000686645508,16.670000076293945,15.264385223388672,54634400
2022-03-29,17.010000228881836,17.799999237060547,17.010000228881836,17.75,16.253318786621094,90676900
2022-03-30,17.520000457763672,17.65999984741211,17.200000762939453,17.270000457763672,15.813793182373047,57853400
2022-03-31,17.200000762939453,17.350000381469727,16.5,16.90999984741211,15.484147071838379,52529400
2022-04-01,17.010000228881836,17.149999618530273,16.34000015258789,16.649999618530273,15.246070861816406,64695700
2022-04-04,16.65999984741211,16.729999542236328,16.360000610351562,16.65999984741211,15.255226135253906,51146500
2022-04-05,16.459999084472656,16.6200008392334,15.8100004196167,15.819999694824219,14.486055374145508,91708000
2022-04-06,15.600000381469727,15.800000190734863,15.180000305175781,15.390000343322754,14.092314720153809,102881600
2022-04-07,15.069999694824219,15.210000038146973,14.5600004196167,14.960000038146973,13.698573112487793,101229100
2022-04-08,14.9399995803833,15.4399995803833,14.8100004196167,15.050000190734863,13.780982971191406,75085800
2022-04-11,14.890000343322754,15.770000457763672,14.890000343322754,15.279999732971191,13.991588592529297,66117100
2022-04-12,15.5,15.720000267028809,15.279999732971191,15.359999656677246,14.06484317779541,49138700
2022-04-13,15.3100004196167,15.550000190734863,15.220000267028809,15.510000228881836,14.20219612121582,51871800
2022-04-14,15.5,15.760000228881836,15.460000038146973,15.479999542236328,14.174725532531738,39312900
2022-04-18,15.369999885559082,15.789999961853027,15.369999885559082,15.670000076293945,14.348705291748047,40205800
2022-04-19,15.739999771118164,16.229999542236328,15.739999771118164,16.149999618530273,14.788230895996094,55398300
2022-04-20,16.229999542236328,16.549999237060547,16.010000228881836,16.049999237060547,14.696661949157715,47351500
2022-04-21,16.479999542236328,16.56999969482422,15.609999656677246,15.699999809265137,14.376174926757812,49898500
2022-04-22,15.550000190734863,15.640000343322754,15.0,15.130000114440918,13.854236602783203,56193700
2022-04-25,14.90999984741211,15.199999809265137,14.619999885559082,15.1899995803833,14.001720428466797,58361400
2022-04-26,15.100000381469727,15.140000343322754,14.670000076293945,14.710000038146973,13.559270858764648,60345300
2022-04-27,14.789999961853027,15.100000381469727,14.600000381469727,14.850000381469727,13.688318252563477,65847900
2022-04-28,14.90999984741211,14.989999771118164,13.899999618530273,14.619999885559082,13.476310729980469,131556500
2022-04-29,14.59000015258789,14.970000267028809,14.100000381469727,14.15999984741211,13.052294731140137,83184900
2022-05-02,14.020000457763672,14.289999961853027,13.819999694824219,14.270000457763672,13.153690338134766,64734000
2022-05-03,14.3100004196167,14.75,14.199999809265137,14.5600004196167,13.421005249023438,55734200
2022-05-04,14.510000228881836,15.0,14.260000228881836,14.979999542236328,13.808149337768555,59774900
2022-05-05,14.819999694824219,14.819999694824219,14.34000015258789,14.529999732971191,13.393350601196289,57889200
2022-05-06,14.460000038146973,14.600000381469727,14.0,14.210000038146973,13.098383903503418,66622200
2022-05-09,13.850000381469727,14.170000076293945,13.3100004196167,13.369999885559082,12.324095726013184,71242000
2022-05-10,13.800000190734863,13.84000015258789,13.020000457763672,13.350000381469727,12.305660247802734,75506700
2022-05-11,13.199999809265137,13.619999885559082,12.789999961853027,12.829999923706055,11.826337814331055,71644900
2022-05-12,12.210000038146973,12.800000190734863,12.149999618530273,12.4399995803833,11.46684741973877,113203900
2022-05-13,12.880000114440918,13.630000114440918,12.869999885559082,13.5,12.443926811218262,78944200
2022-05-16,13.489999771118164,13.520000457763672,12.979999542236328,13.050000190734863,12.029128074645996,65055400
2022-05-17,13.34000015258789,13.529999732971191,13.15999984741211,13.529999732971191,12.471578598022461,50891400
2022-05-18,13.25,13.359999656677246,12.710000038146973,12.779999732971191,11.780248641967773,68362500
2022-05-19,12.640000343322754,13.119999885559082,12.630000114440918,12.850000381469727,11.84477424621582,58459600
2022-05-20,13.050000190734863,13.119999885559082,12.069999694824219,12.5,11.522154808044434,78183400
2022-05-23,12.640000343322754,12.949999809265137,12.5,12.829999923706055,11.826337814331055,51929600
2022-05-24,12.600000381469727,12.680000305175781,12.270000457763672,12.420000076293945,11.44841194152832,51082800
2022-05-25,12.329999923706055,12.8100004196167,12.319999694824219,12.710000038146973,11.715725898742676,41193100
2022-05-26,12.800000190734863,13.199999809265137,12.789999961853027,13.119999885559082,12.093652725219727,45709200
2022-05-27,13.260000228881836,13.630000114440918,13.239999771118164,13.630000114440918,12.563756942749023,54195700
2022-05-31,13.680000305175781,13.819999694824219,13.350000381469727,13.680000305175781,12.609846115112305,79689900
2022-06-01,13.880000114440918,13.970000267028809,13.399999618530273,13.550000190734863,12.49001407623291,50726200
2022-06-02,13.640000343322754,13.960000038146973,13.600000381469727,13.890000343322754,12.803417205810547,42979700
2022-06-03,13.630000114440918,13.779999732971191,13.359999656677246,13.5,12.443926811218262,43625200
2022-06-06,13.739999771118164,13.739999771118164,13.380000114440918,13.460000038146973,12.407054901123047,37711100
2022-06-07,13.260000228881836,13.770000457763672,13.1899995803833,13.739999771118164,12.665151596069336,38940300
2022-06-08,13.630000114440918,13.850000381469727,13.4399995803833,13.529999732971191,12.471578598022461,39441900
2022-06-09,13.510000228881836,13.59000015258789,13.279999732971191,13.279999732971191,12.241134643554688,30468000
2022-06-10,13.0,13.210000038146973,12.630000114440918,12.75,11.75259780883789,55644400
2022-06-13,12.300000190734863,12.380000114440918,11.739999771118164,11.8100004196167,10.886130332946777,80676300
2022-06-14,11.989999771118164,12.420000076293945,11.90999984741211,12.199999809265137,11.245621681213379,82369300
2022-06-15,12.220000267028809,12.420000076293945,12.0,12.270000457763672,11.310147285461426,70393200
2022-06-16,11.800000190734863,11.90999984741211,11.119999885559082,11.25,10.369937896728516,80380100
2022-06-17,11.239999771118164,11.4399995803833,10.899999618530273,11.229999542236328,10.351502418518066,80248800
2022-06-21,11.550000190734863,11.65999984741211,11.350000381469727,11.460000038146973,10.56351089477539,66283400
2022-06-22,11.260000228881836,11.680000305175781,11.210000038146973,11.479999542236328,10.581945419311523,46098900
2022-06-23,11.5,11.579999923706055,11.25,11.5600004196167,10.65568733215332,53655000
2022-06-24,11.649999618530273,12.119999885559082,11.569999694824219,12.010000228881836,11.070486068725586,55457600
2022-06-27,12.119999885559082,12.180000305175781,11.899999618530273,12.039999961853027,11.098137855529785,44009900
2022-06-28,12.140000343322754,12.4399995803833,11.800000190734863,11.8100004196167,10.886130332946777,45866900
2022-06-29,11.739999771118164,11.760000228881836,11.380000114440918,11.520000457763672,10.618818283081055,39474200
2022-06-30,11.239999771118164,11.359999656677246,10.930000305175781,11.130000114440918,10.25932502746582,59238200
2022-07-01,11.100000381469727,11.5,10.989999771118164,11.319999694824219,10.43446159362793,54356000
2022-07-05,11.050000190734863,11.210000038146973,10.609999656677246,11.199999809265137,10.32384967803955,87269800
2022-07-06,11.149999618530273,11.270000457763672,10.84000015258789,11.0600004196167,10.194801330566406,71282900
2022-07-07,11.329999923706055,11.720000267028809,11.329999923706055,11.649999618530273,10.738646507263184,63000400
2022-07-08,11.649999618530273,11.779999732971191,11.479999542236328,11.619999885559082,10.710993766784668,55235600
2022-07-11,11.539999961853027,11.65999984741211,11.270000457763672,11.289999961853027,10.406808853149414,48833600
2022-07-12,11.289999961853027,11.720000267028809,11.270000457763672,11.5600004196167,10.65568733215332,58414500
2022-07-13,11.3100004196167,11.579999923706055,11.170000076293945,11.510000228881836,10.609600067138672,48274300
2022-07-14,11.220000267028809,11.399999618530273,11.140000343322754,11.390000343322754,10.498987197875977,48176300
2022-07-15,11.579999923706055,11.899999618530273,11.489999771118164,11.880000114440918,10.950654983520508,49306900
2022-07-18,12.149999618530273,12.25,11.899999618530273,11.960000038146973,11.024396896362305,45873400
2022-07-19,12.220000267028809,12.6899995803833,12.210000038146973,12.59000015258789,11.60511302947998,62650800
2022-07-20,12.600000381469727,12.819999694824219,12.510000228881836,12.729999542236328,11.734160423278809,51932200
2022-07-21,12.880000114440918,13.0,12.630000114440918,13.0,11.983040809631348,66949200
2022-07-22,13.100000381469727,13.140000343322754,12.720000267028809,12.819999694824219,11.817120552062988,46724700
2022-07-25,12.850000381469727,12.989999771118164,12.600000381469727,12.84000015258789,11.835556030273438,36830500
2022-07-26,12.680000305175781,12.760000228881836,12.460000038146973,12.539999961853027,11.5590238571167,49272300
2022-07-27,12.75,13.1899995803833,12.630000114440918,13.1899995803833,12.15817642211914,64572300
2022-07-28,13.9399995803833,14.09000015258789,13.380000114440918,14.0,12.904812812805176,144096500
2022-07-29,14.109999656677246,14.789999961853027,14.010000228881836,14.6899995803833,13.540834426879883,94551600
2022-08-01,14.65999984741211,15.430000305175781,14.550000190734863,15.34000015258789,14.139986038208008,109521700
2022-08-02,15.199999809265137,15.449999809265137,15.119999885559082,15.15999984741211,13.974067687988281,74626800
2022-08-03,15.479999542236328,16.149999618530273,15.460000038146973,15.6899995803833,14.462607383728027,95846000
2022-08-04,15.649999618530273,15.670000076293945,15.3100004196167,15.369999885559082,14.16763973236084,85039800
2022-08-05,15.229999542236328,15.470000267028809,15.130000114440918,15.300000190734863,14.103116035461426,68093500
2022-08-08,15.569999694824219,16.040000915527344,15.550000190734863,15.779999732971191,14.545565605163574,75988100
2022-08-09,15.65999984741211,15.699999809265137,15.149999618530273,15.1899995803833,14.001720428466797,67676800
2022-08-10,15.470000267028809,15.579999923706055,15.229999542236328,15.5,14.429965019226074,71607000
2022-08-11,15.800000190734863,15.920000076293945,15.609999656677246,15.829999923706055,14.737183570861816,61567000
2022-08-12,15.949999809265137,16.219999313354492,15.84000015258789,16.18000030517578,15.06302261352539,53182500
2022-08-15,16.0,16.450000762939453,15.9399995803833,16.31999969482422,15.19335651397705,51779600
2022-08-16,16.299999237060547,16.68000030517578,16.260000228881836,16.43000030517578,15.295763969421387,54028900
2022-08-17,16.15999984741211,16.270000457763672,15.899999618530273,16.030000686645508,14.92337703704834,57118300
2022-08-18,15.989999771118164,16.209999084472656,15.859999656677246,16.149999618530273,15.0350923538208,39414200
2022-08-19,15.949999809265137,16.139999389648438,15.770000457763672,15.880000114440918,14.783732414245605,48597200
2022-08-22,15.079999923706055,15.210000038146973,14.90999984741211,15.079999923706055,14.038959503173828,71321800
2022-08-23,15.09000015258789,15.420000076293945,15.09000015258789,15.319999694824219,14.262391090393066,51289000
2022-08-24,15.319999694824219,15.65999984741211,15.239999771118164,15.520000457763672,14.44858455657959,39508700
2022-08-25,15.600000381469727,16.040000915527344,15.579999923706055,15.930000305175781,14.830281257629395,56401300
2022-08-26,16.010000228881836,16.09000015258789,15.40999984741211,15.40999984741211,14.34617805480957,54517300
2022-08-29,15.199999809265137,15.710000038146973,15.1899995803833,15.569999694824219,14.495132446289062,50416500
2022-08-30,15.699999809265137,15.800000190734863,15.170000076293945,15.449999809265137,14.383417129516602,66034400
2022-08-31,15.520000457763672,15.520000457763672,15.239999771118164,15.239999771118164,14.187914848327637,52058200
2022-09-01,15.100000381469727,15.220000267028809,14.779999732971191,15.1899995803833,14.141366004943848,65299800
2022-09-02,15.529999732971191,15.569999694824219,15.0600004196167,15.15999984741211,14.113436698913574,64565400
2022-09-06,15.220000267028809,15.239999771118164,14.84000015258789,15.029999732971191,13.992410659790039,58676700
2022-09-07,14.90999984741211,15.489999771118164,14.789999961853027,15.430000305175781,14.364798545837402,55087200
2022-09-08,15.15999984741211,15.479999542236328,15.020000457763672,15.470000267028809,14.402036666870117,60075900
2022-09-09,15.600000381469727,15.699999809265137,15.319999694824219,15.420000076293945,14.355488777160645,63328600
2022-09-12,15.550000190734863,15.739999771118164,15.449999809265137,15.539999961853027,14.467204093933105,52656500
2022-09-13,15.0,15.130000114440918,14.699999809265137,14.739999771118164,13.722432136535645,80842500
2022-09-14,14.760000228881836,14.850000381469727,14.449999809265137,14.65999984741211,13.647953987121582,59571800
2022-09-15,14.6899995803833,15.210000038146973,14.680000305175781,14.890000343322754,13.862076759338379,61377000
2022-09-16,14.619999885559082,14.739999771118164,14.470000267028809,14.720000267028809,13.703812599182129,68454800
2022-09-19,14.5,14.960000038146973,14.489999771118164,14.930000305175781,13.89931583404541,48696200
2022-09-20,14.09000015258789,14.229999542236328,13.010000228881836,13.09000015258789,12.186338424682617,196340000
2022-09-21,13.239999771118164,13.59000015258789,13.050000190734863,13.050000190734863,12.149099349975586,94271600
2022-09-22,13.119999885559082,13.239999771118164,12.75,12.770000457763672,11.888429641723633,82004400
2022-09-23,12.329999923706055,12.4399995803833,11.949999809265137,12.3100004196167,11.460185050964355,104043700
2022-09-26,12.210000038146973,12.380000114440918,11.930000305175781,11.989999771118164,11.162276268005371,89300400
2022-09-27,12.210000038146973,12.220000267028809,11.65999984741211,11.90999984741211,11.087799072265625,87044400
2022-09-28,11.90999984741211,12.239999771118164,11.760000228881836,12.180000305175781,11.339159965515137,72701600
2022-09-29,11.850000381469727,11.880000114440918,11.359999656677246,11.470000267028809,10.67817497253418,84534900
2022-09-30,11.390000343322754,11.529999732971191,11.1899995803833,11.199999809265137,10.426814079284668,71688200
2022-10-03,11.380000114440918,11.59000015258789,11.130000114440918,11.470000267028809,10.67817497253418,66198300
2022-10-04,11.960000038146973,12.369999885559082,11.9399995803833,12.359999656677246,11.506732940673828,87629200
2022-10-05,12.380000114440918,12.5600004196167,12.130000114440918,12.510000228881836,11.646379470825195,87919100
2022-10-06,12.359999656677246,12.630000114440918,12.1899995803833,12.359999656677246,11.506732940673828,64531900
2022-10-07,12.180000305175781,12.300000190734863,12.0,12.199999809265137,11.357779502868652,56494500
2022-10-10,11.470000267028809,11.550000190734863,11.199999809265137,11.359999656677246,10.575767517089844,115548900
2022-10-11,11.300000190734863,11.869999885559082,11.180000305175781,11.5600004196167,10.761960983276367,75173200
2022-10-12,11.479999542236328,11.699999809265137,11.350000381469727,11.539999961853027,10.743341445922852,59628500
2022-10-13,11.239999771118164,11.890000343322754,11.199999809265137,11.770000457763672,10.957465171813965,70487400
2022-10-14,11.800000190734863,11.850000381469727,11.5600004196167,11.670000076293945,10.864367485046387,55127700
2022-10-17,11.979999542236328,11.989999771118164,11.65999984741211,11.829999923706055,11.013321876525879,59561700
2022-10-18,12.220000267028809,12.25,11.90999984741211,12.029999732971191,11.199514389038086,53603400
2022-10-19,11.90999984741211,12.140000343322754,11.859999656677246,12.130000114440918,11.292612075805664,54130000
2022-10-20,12.130000114440918,12.199999809265137,11.729999542236328,11.770000457763672,10.957465171813965,55568100
2022-10-21,11.739999771118164,12.25,11.680000305175781,12.1899995803833,11.348469734191895,55132700
2022-10-24,12.300000190734863,12.649999618530273,12.180000305175781,12.479999542236328,11.618449211120605,64717700
2022-10-25,12.579999923706055,13.029999732971191,12.460000038146973,12.829999923706055,11.944287300109863,66391600
2022-10-26,12.800000190734863,13.0600004196167,12.520000457763672,12.819999694824219,11.934977531433105,86833600
2022-10-27,12.770000457763672,13.220000267028809,12.420000076293945,13.0,12.10255241394043,88421500
2022-10-28,13.0,13.3100004196167,12.970000267028809,13.260000228881836,12.344603538513184,55777900
2022-10-31,13.149999618530273,13.510000228881836,13.140000343322754,13.369999885559082,12.447009086608887,54676700
2022-11-01,13.569999694824219,13.649999618530273,13.15999984741211,13.399999618530273,12.474937438964844,47454700
2022-11-02,13.220000267028809,13.670000076293945,13.0600004196167,13.0600004196167,12.15841007232666,73673500
2022-11-03,12.8100004196167,13.460000038146973,12.770000457763672,13.260000228881836,12.344603538513184,58782600
2022-11-04,13.569999694824219,13.770000457763672,13.270000457763672,13.510000228881836,12.57734489440918,61489100
2022-11-07,13.609999656677246,13.760000228881836,13.369999885559082,13.699999809265137,12.754227638244629,48176900
2022-11-08,13.779999732971191,13.800000190734863,13.510000228881836,13.720000267028809,12.772847175598145,52731900
2022-11-09,13.569999694824219,13.699999809265137,13.279999732971191,13.3100004196167,12.391151428222656,74199200
2022-11-10,13.6899995803833,14.359999656677246,13.670000076293945,14.180000305175781,13.201091766357422,75638500
2022-11-11,14.260000228881836,14.670000076293945,14.199999809265137,14.5,13.499000549316406,60187600
2022-11-14,14.229999542236328,14.350000381469727,14.0600004196167,14.0600004196167,13.226198196411133,57691600
2022-11-15,14.289999961853027,14.579999923706055,14.199999809265137,14.300000190734863,13.45196533203125,61835700
2022-11-16,14.100000381469727,14.170000076293945,13.84000015258789,13.899999618530273,13.075685501098633,47484200
2022-11-17,13.65999984741211,13.90999984741211,13.550000190734863,13.90999984741211,13.085092544555664,54317900
2022-11-18,14.079999923706055,14.130000114440918,13.819999694824219,13.989999771118164,13.160348892211914,37101900
2022-11-21,13.859999656677246,14.039999961853027,13.65999984741211,13.949999809265137,13.122720718383789,34087100
2022-11-22,14.050000190734863,14.149999618530273,13.979999542236328,14.069999694824219,13.235604286193848,28738800
2022-11-23,14.0,14.0600004196167,13.850000381469727,14.029999732971191,13.197976112365723,25974200
2022-11-25,13.960000038146973,14.109999656677246,13.899999618530273,14.079999923706055,13.245011329650879,12980900
2022-11-28,13.9399995803833,13.960000038146973,13.699999809265137,13.729999542236328,12.915766716003418,35249700
2022-11-29,13.850000381469727,13.899999618530273,13.710000038146973,13.75,12.934581756591797,28380800
2022-11-30,13.779999732971191,13.949999809265137,13.449999809265137,13.899999618530273,13.075685501098633,61537300
2022-12-01,14.09000015258789,14.359999656677246,14.0,14.079999923706055,13.245011329650879,45335100
2022-12-02,13.84000015258789,13.970000267028809,13.75,13.859999656677246,13.038058280944824,42417400
2022-12-05,13.75,13.770000457763672,13.369999885559082,13.380000114440918,12.58652400970459,39714500
2022-12-06,13.420000076293945,13.569999694824219,13.0600004196167,13.279999732971191,12.492453575134277,39996000
2022-12-07,13.199999809265137,13.420000076293945,13.09000015258789,13.100000381469727,12.323128700256348,36609800
2022-12-08,13.199999809265137,13.260000228881836,13.069999694824219,13.119999885559082,12.34194278717041,32376300
2022-12-09,13.039999961853027,13.359999656677246,13.039999961853027,13.180000305175781,12.398385047912598,41553600
2022-12-12,13.199999809265137,13.470000267028809,13.100000381469727,13.460000038146973,12.661779403686523,35473800
2022-12-13,13.779999732971191,13.920000076293945,13.369999885559082,13.569999694824219,12.76525592803955,57872100
2022-12-14,13.569999694824219,13.779999732971191,13.359999656677246,13.479999542236328,12.68059253692627,51199900
2022-12-15,13.229999542236328,13.260000228881836,12.949999809265137,13.029999732971191,12.257279396057129,55725300
2022-12-16,12.770000457763672,12.819999694824219,12.079999923706055,12.119999885559082,11.4012451171875,118345700
2022-12-19,12.119999885559082,12.170000076293945,11.539999961853027,11.6899995803833,10.996746063232422,88062500
2022-12-20,11.649999618530273,11.680000305175781,11.119999885559082,11.470000267028809,10.789793014526367,82057900
2022-12-21,11.609999656677246,11.789999961853027,11.550000190734863,11.779999732971191,11.081408500671387,49256000
2022-12-22,11.539999961853027,11.539999961853027,11.100000381469727,11.3100004196167,10.639281272888184,75158700
2022-12-23,11.270000457763672,11.399999618530273,11.220000267028809,11.359999656677246,10.686315536499023,38200700
2022-12-27,11.279999732971191,11.390000343322754,11.130000114440918,11.199999809265137,10.535804748535156,44837400
2022-12-28,11.180000305175781,11.25,10.899999618530273,10.949999809265137,10.300630569458008,49375400
2022-12-29,11.079999923706055,11.550000190734863,11.050000190734863,11.539999961853027,10.85564136505127,53550300
2022-12-30,11.399999618530273,11.640000343322754,11.390000343322754,11.630000114440918,10.94030475616455,39149700
2023-01-03,11.819999694824219,11.920000076293945,11.569999694824219,11.680000305175781,10.98733901977539,45809000
2023-01-04,11.880000114440918,12.079999923706055,11.739999771118164,12.010000228881836,11.297769546508789,53429700
2023-01-05,12.109999656677246,12.380000114440918,11.880000114440918,12.25,11.523536682128906,50785600
2023-01-06,12.119999885559082,12.59000015258789,12.100000381469727,12.579999923706055,11.833966255187988,53066500
2023-01-09,12.739999771118164,12.930000305175781,12.550000190734863,12.6899995803833,11.937442779541016,50865500
2023-01-10,12.680000305175781,12.869999885559082,12.5,12.84000015258789,12.078547477722168,47065500
2023-01-11,12.930000305175781,13.260000228881836,12.890000343322754,13.220000267028809,12.436012268066406,51911600
2023-01-12,13.270000457763672,13.529999732971191,13.109999656677246,13.430000305175781,12.633559226989746,58113700
2023-01-13,12.630000114440918,12.819999694824219,12.470000267028809,12.720000267028809,11.96566390991211,96317800
2023-01-17,12.710000038146973,12.850000381469727,12.430000305175781,12.670000076293945,11.918628692626953,60774900
2023-01-18,12.789999961853027,12.850000381469727,12.399999618530273,12.40999984741211,11.674047470092773,48774400
2023-01-19,12.289999961853027,12.359999656677246,12.039999961853027,12.180000305175781,11.457687377929688,52918500
2023-01-20,12.210000038146973,12.420000076293945,12.079999923706055,12.399999618530273,11.664640426635742,44288900
2023-01-23,12.479999542236328,12.90999984741211,12.430000305175781,12.800000190734863,12.040919303894043,49688000
2023-01-24,12.680000305175781,12.899999618530273,12.619999885559082,12.739999771118164,11.984477043151855,41537400
2023-01-25,12.600000381469727,12.850000381469727,12.489999771118164,12.789999961853027,12.031512260437012,37739000
2023-01-26,12.989999771118164,13.069999694824219,12.710000038146973,12.920000076293945,12.153802871704102,48970900
2023-01-27,12.880000114440918,13.369999885559082,12.869999885559082,13.270000457763672,12.483047485351562,62066500
2023-01-30,13.010000228881836,13.199999809265137,12.859999656677246,12.890000343322754,12.125582695007324,64512600
2023-01-31,13.390000343322754,13.569999694824219,13.25,13.510000228881836,12.70881462097168,83093300
2023-02-01,13.520000457763672,13.989999771118164,13.489999771118164,13.789999961853027,12.972208976745605,70641000
2023-02-02,14.170000076293945,14.600000381469727,14.029999732971191,14.319999694824219,13.470778465270996,102579800
2023-02-03,13.050000190734863,13.609999656677246,12.779999732971191,13.229999542236328,12.445418357849121,165357500
2023-02-06,13.15999984741211,13.210000038146973,12.779999732971191,13.140000343322754,12.360756874084473,77262800
2023-02-07,13.079999923706055,13.510000228881836,12.979999542236328,13.449999809265137,12.652372360229492,70671100
2023-02-08,13.300000190734863,13.6899995803833,13.300000190734863,13.420000076293945,12.624151229858398,62028400
2023-02-09,13.65999984741211,13.930000305175781,13.399999618530273,13.489999771118164,12.690000534057617,78667100
2023-02-10,12.84000015258789,12.899999618530273,12.510000228881836,12.729999542236328,12.729999542236328,68146200
